
SYMMETRICAL COMPONENT POWERS BY CIRCUIT ELEMENT (first 3 phases)                                     Excess Power

Element Term    P1(kW)   Q1(kvar)       P2         Q2      P0      Q0       P_Norm      Q_Norm     P_Emerg    Q_Emerg

"Vsource.source"  1  -232408.8    20435.2        0.0        0.0     0.0     0.0
"Vsource.source"  2        0.0        0.0        0.0        0.0     0.0     0.0
"Line.1"  1   156173.5   -20696.0        0.0        0.0     0.0     0.0   155445.5   -20599.5   155081.5   -20551.3
"Line.1"  2  -151912.4    27857.6        0.0        0.0     0.0     0.0
"Line.2"  1    76235.3      260.8        0.0        0.0     0.0     0.0    75500.9      258.3    75133.7      257.0
"Line.2"  2   -73436.1     5914.9        0.0        0.0     0.0     0.0
"Line.3"  1    72679.7     3987.8        0.0        0.0     0.0     0.0    71956.6     3948.1    71595.1     3928.3
"Line.3"  2   -70390.3     1040.0        0.0        0.0     0.0     0.0
"Line.4"  1    55607.0    -4276.6        0.0        0.0     0.0     0.0    54885.0    -4221.1    54523.9    -4193.3
"Line.4"  2   -53959.3     5631.7        0.0        0.0     0.0     0.0
"Line.5"  1    41925.5    -3261.5        0.0        0.0     0.0     0.0    41203.5    -3205.3    40842.5    -3177.2
"Line.5"  2   -41008.3     2337.8        0.0        0.0     0.0     0.0
"Line.6"  1   -23826.1     1329.0        0.0        0.0     0.0     0.0   -23127.7     1290.0   -22778.6     1270.5
"Line.6"  2    24201.9    -1693.4        0.0        0.0     0.0     0.0
"Line.7"  1   -58234.6     8865.0        0.0        0.0     0.0     0.0   -57534.0     8758.4   -57183.7     8705.0
"Line.7"  2    58677.3    -7468.4        0.0        0.0     0.0     0.0
"Line.8"  1     9905.9      678.9        0.0        0.0     0.0     0.0     9187.2      629.7     8827.9      605.1
"Line.8"  2    -9819.2     -497.5        0.0        0.0     0.0     0.0
"Line.9"  1     8040.3     2092.3        0.0        0.0     0.0     0.0     7343.2     1910.9     6994.6     1820.2
"Line.9"  2    -7961.8    -1929.0        0.0        0.0     0.0     0.0
"Line.10"  1    19022.0     5788.3        0.0        0.0     0.0     0.0    18332.9     5578.6    17988.4     5473.8
"Line.10"  2   -18780.1    -5311.9        0.0        0.0     0.0     0.0
"Line.11"  1       -1.1   -23135.5        0.0        0.0     0.0     0.0       -1.0   -22412.0       -1.0   -22050.3
"Line.11"  2        1.1    24000.1        0.0        0.0     0.0     0.0
"Line.12"  1    40192.5    10845.1        0.0        0.0     0.0     0.0    39493.9    10656.6    39144.7    10562.3
"Line.12"  2   -40192.5    -9096.8        0.0        0.0     0.0     0.0
"Line.13"  1     2730.8     7225.1        0.0        0.0     0.0     0.0     2477.6     6555.2     2351.0     6220.2
"Line.13"  2    -2713.0    -7177.9        0.0        0.0     0.0     0.0
"Line.14"  1     7961.5     5575.1        0.0        0.0     0.0     0.0     7374.9     5164.3     7081.6     4958.9
"Line.14"  2    -7849.2    -5336.1        0.0        0.0     0.0     0.0
"Line.15"  1    -6287.0     1377.9        0.0        0.0     0.0     0.0    -5592.0     1225.6    -5244.5     1149.4
"Line.15"  2     6319.2    -1302.5        0.0        0.0     0.0     0.0
"Line.16"  1     1861.8      329.0        0.0        0.0     0.0     0.0     1162.4      205.4      812.7      143.6
"Line.16"  2    -1854.3     -322.2        0.0        0.0     0.0     0.0
"Line.17"  1     7134.4     -165.9        0.0        0.0     0.0     0.0     6427.6     -149.5     6074.1     -141.2
"Line.17"  2    -7050.9      336.1        0.0        0.0     0.0     0.0
"Line.18"  1    40191.4    -8903.2        0.0        0.0     0.0     0.0    39499.5    -8750.0    39153.6    -8673.3
"Line.18"  2   -40191.4    12290.4        0.0        0.0     0.0     0.0
"Line.19"  1    48167.1    -2384.3        0.0        0.0     0.0     0.0    47456.4    -2349.1    47101.0    -2331.5
"Line.19"  2   -48167.1     7940.4        0.0        0.0     0.0     0.0
"Capacitor.b9"  1        0.0   -20303.5        0.0        0.0     0.0     0.0        0.0        0.0        0.0        0.0
"Capacitor.b9"  2        0.0        0.0        0.0        0.0     0.0     0.0
"Load.b2"  1    21699.0    12699.7        0.0        0.0     0.0     0.0
"Load.b3"  1    94209.2    18999.9        0.0        0.0     0.0     0.0
"Load.b4"  1    47800.3    -3900.1        0.0        0.0     0.0     0.0
"Load.b5"  1     7600.0     1600.0        0.0        0.0     0.0     0.0
"Load.b6"  1    11200.0     7500.0        0.0        0.0     0.0     0.0
"Load.b9"  1    29500.1    16599.9        0.0        0.0     0.0     0.0
"Load.b10"  1     9000.0     5800.0        0.0        0.0     0.0     0.0
"Load.b11"  1     3500.0     1800.0        0.0        0.0     0.0     0.0
"Load.b12"  1     6100.0     1600.0        0.0        0.0     0.0     0.0
"Load.b13"  1    13500.0     5800.0        0.0        0.0     0.0     0.0
"Load.b14"  1    14900.0     5000.0        0.0        0.0     0.0     0.0
"Generator.b2"  1   -39998.0   -37006.2        0.0        0.0     0.0     0.0
"Generator.b3"  1       -1.4   -21372.6        0.0        0.0     0.0     0.0
"Generator.b6"  1       -1.1   -24000.0        0.0        0.0     0.0     0.0
"Generator.b8"  1       -1.1   -24000.1        0.0        0.0     0.0     0.0

Total Circuit Losses = 13393.7 +j 32744.5
